[double3(54.139900000000,0.000000000000,0.000000000000),double3(-27.069950000000,46.886528758349,0.000000000000),double3(0.000000000000,0.000000000000,49.103700000000)]

double3(0.330850000000,0.639730000000,0.387090000000),
double3(0.328690000000,0.616350000000,0.373000000000),
double3(0.326640000000,0.593060000000,0.387720000000),
double3(0.345590000000,0.570150000000,0.356510000000),
double3(0.323330000000,0.567930000000,0.372800000000),
double3(0.299180000000,0.541120000000,0.377230000000),
double3(0.298020000000,0.516530000000,0.366950000000),
double3(0.321240000000,0.518470000000,0.352310000000),
double3(0.344660000000,0.545550000000,0.346480000000),
double3(0.321880000000,0.492260000000,0.345540000000),
double3(0.345850000000,0.493560000000,0.339430000000),
double3(0.375920000000,0.474610000000,0.324380000000),
double3(0.350430000000,0.469780000000,0.336370000000),
double3(0.331600000000,0.442650000000,0.347230000000),
double3(0.338320000000,0.420930000000,0.346020000000),
double3(0.363970000000,0.425840000000,0.334130000000),
double3(0.382710000000,0.452900000000,0.323120000000),
double3(0.385560000000,0.359150000000,0.333590000000),
double3(0.356930000000,0.425240000000,0.626030000000),
double3(0.332620000000,0.407810000000,0.642010000000),
double3(0.307590000000,0.409040000000,0.636890000000),
double3(0.306180000000,0.425130000000,0.615410000000),
double3(0.330080000000,0.441390000000,0.598940000000),
double3(0.355500000000,0.441400000000,0.604530000000),
double3(0.316180000000,0.475730000000,0.579660000000),
double3(0.328520000000,0.458430000000,0.576080000000),
double3(0.339130000000,0.457220000000,0.550290000000),
double3(0.337330000000,0.472830000000,0.528460000000),
double3(0.325020000000,0.490150000000,0.532150000000),
double3(0.314350000000,0.491240000000,0.557800000000),
double3(0.322670000000,0.506830000000,0.510620000000),
double3(0.336010000000,0.513240000000,0.487430000000),
double3(0.327990000000,0.571080000000,0.433200000000),
double3(0.327460000000,0.593760000000,0.416730000000),
double3(0.329250000000,0.617270000000,0.430610000000),
double3(0.330880000000,0.639930000000,0.415940000000),
double3(0.308670000000,0.558320000000,0.454720000000),
double3(0.310770000000,0.538960000000,0.471950000000),
double3(0.332280000000,0.531960000000,0.467980000000),
double3(0.349100000000,0.563670000000,0.428820000000),
double3(0.351100000000,0.544070000000,0.445890000000),
double3(0.365140000000,0.374640000000,0.642780000000),
double3(0.386940000000,0.367990000000,0.642530000000),
double3(0.402890000000,0.371270000000,0.666110000000),
double3(0.396290000000,0.380790000000,0.690070000000),
double3(0.374490000000,0.387420000000,0.690360000000),
double3(0.408100000000,0.458720000000,0.312220000000),
double3(0.505040000000,0.360110000000,0.271120000000),
double3(0.450920000000,0.842580000000,0.960540000000),
double3(0.500960000000,0.795510000000,0.891910000000),
double3(0.328300000000,0.616120000000,0.350950000000),
double3(0.364360000000,0.590730000000,0.352930000000),
double3(0.281780000000,0.539200000000,0.389690000000),
double3(0.362730000000,0.547680000000,0.335050000000),
double3(0.302520000000,0.471930000000,0.347800000000),
double3(0.390860000000,0.495540000000,0.316460000000),
double3(0.312130000000,0.438210000000,0.357450000000),
double3(0.323540000000,0.400270000000,0.354580000000),
double3(0.377330000000,0.426990000000,0.630300000000),
double3(0.288850000000,0.397110000000,0.649460000000),
double3(0.286260000000,0.424670000000,0.611560000000),
double3(0.374480000000,0.454430000000,0.592570000000),
double3(0.348410000000,0.443780000000,0.546940000000),
double3(0.345190000000,0.470830000000,0.508840000000),
double3(0.304870000000,0.504520000000,0.560910000000),
double3(0.351370000000,0.506640000000,0.482800000000),
double3(0.330070000000,0.618240000000,0.452640000000),
double3(0.292230000000,0.563760000000,0.458450000000),
double3(0.295810000000,0.529830000000,0.488660000000),
double3(0.364600000000,0.573730000000,0.412670000000),
double3(0.352800000000,0.371200000000,0.624390000000),
double3(0.391350000000,0.360290000000,0.623840000000),
double3(0.407530000000,0.382360000000,0.708820000000),
double3(0.369300000000,0.393230000000,0.709700000000),
double3(0.333330000000,0.390420000000,0.666670000000),
double3(0.333330000000,0.666670000000,0.959100000000),
double3(0.333330000000,0.666670000000,0.904690000000),
double3(0.333330000000,0.666670000000,0.981730000000),
double3(0.333330000000,0.666670000000,0.882050000000),
double3(0.360270000000,0.691120000000,0.387090000000),
double3(0.383650000000,0.712340000000,0.373000000000),
double3(0.406940000000,0.733580000000,0.387720000000),
double3(0.429850000000,0.775440000000,0.356510000000),
double3(0.432070000000,0.755400000000,0.372800000000),
double3(0.458880000000,0.758060000000,0.377230000000),
double3(0.483470000000,0.781490000000,0.366950000000),
double3(0.481530000000,0.802770000000,0.352310000000),
double3(0.454450000000,0.799110000000,0.346480000000),
double3(0.507740000000,0.829620000000,0.345540000000),
double3(0.506440000000,0.852290000000,0.339430000000),
double3(0.525390000000,0.901310000000,0.324380000000),
double3(0.530220000000,0.880650000000,0.336370000000),
double3(0.557350000000,0.888950000000,0.347230000000),
double3(0.579070000000,0.917390000000,0.346020000000),
double3(0.574160000000,0.938130000000,0.334130000000),
double3(0.547100000000,0.929810000000,0.323120000000),
double3(0.640850000000,0.026410000000,0.333590000000),
double3(0.574760000000,0.931690000000,0.626030000000),
double3(0.592190000000,0.924810000000,0.642010000000),
double3(0.590960000000,0.898550000000,0.636890000000),
double3(0.574870000000,0.881050000000,0.615410000000),
double3(0.558610000000,0.888690000000,0.598940000000),
double3(0.558600000000,0.914100000000,0.604530000000),
double3(0.524270000000,0.840450000000,0.579660000000),
double3(0.541570000000,0.870090000000,0.576080000000),
double3(0.542780000000,0.881910000000,0.550290000000),
double3(0.527170000000,0.864500000000,0.528460000000),
double3(0.509850000000,0.834870000000,0.532150000000),
double3(0.508760000000,0.823110000000,0.557800000000),
double3(0.493170000000,0.815840000000,0.510620000000),
double3(0.486760000000,0.822770000000,0.487430000000),
double3(0.428920000000,0.756910000000,0.433200000000),
double3(0.406240000000,0.733700000000,0.416730000000),
double3(0.382730000000,0.711980000000,0.430610000000),
double3(0.360070000000,0.690950000000,0.415940000000),
double3(0.441680000000,0.750350000000,0.454720000000),
double3(0.461040000000,0.771810000000,0.471950000000),
double3(0.468040000000,0.800320000000,0.467980000000),
double3(0.436330000000,0.785430000000,0.428820000000),
double3(0.455930000000,0.807030000000,0.445890000000),
double3(0.625360000000,0.990500000000,0.642780000000),
double3(0.632010000000,0.018950000000,0.642530000000),
double3(0.628730000000,0.031620000000,0.666110000000),
double3(0.619210000000,0.015500000000,0.690070000000),
double3(0.612580000000,0.987070000000,0.690360000000),
double3(0.541280000000,0.949380000000,0.312220000000),
double3(0.639890000000,0.144930000000,0.271120000000),
double3(0.157420000000,0.608340000000,0.960540000000),
double3(0.204490000000,0.705450000000,0.891910000000),
double3(0.383880000000,0.712180000000,0.350950000000),
double3(0.409270000000,0.773630000000,0.352930000000),
double3(0.460800000000,0.742580000000,0.389690000000),
double3(0.452320000000,0.815050000000,0.335050000000),
double3(0.528070000000,0.830590000000,0.347800000000),
double3(0.504460000000,0.895320000000,0.316460000000),
double3(0.561790000000,0.873920000000,0.357450000000),
double3(0.599730000000,0.923270000000,0.354580000000),
double3(0.573010000000,0.950340000000,0.630300000000),
double3(0.602890000000,0.891740000000,0.649460000000),
double3(0.575330000000,0.861590000000,0.611560000000),
double3(0.545570000000,0.920050000000,0.592570000000),
double3(0.556220000000,0.904630000000,0.546940000000),
double3(0.529170000000,0.874360000000,0.508840000000),
double3(0.495480000000,0.800350000000,0.560910000000),
double3(0.493360000000,0.844730000000,0.482800000000),
double3(0.381760000000,0.711830000000,0.452640000000),
double3(0.436240000000,0.728470000000,0.458450000000),
double3(0.470170000000,0.765980000000,0.488660000000),
double3(0.426270000000,0.790870000000,0.412670000000),
double3(0.628800000000,0.981600000000,0.624390000000),
double3(0.639710000000,0.031060000000,0.623840000000),
double3(0.617640000000,0.025170000000,0.708820000000),
double3(0.606770000000,0.976070000000,0.709700000000),
double3(0.609580000000,0.942910000000,0.666670000000),
double3(0.308880000000,0.669150000000,0.387090000000),
double3(0.287660000000,0.671310000000,0.373000000000),
double3(0.266420000000,0.673360000000,0.387720000000),
double3(0.224560000000,0.654410000000,0.356510000000),
double3(0.244600000000,0.676670000000,0.372800000000),
double3(0.241940000000,0.700820000000,0.377230000000),
double3(0.218510000000,0.701980000000,0.366950000000),
double3(0.197230000000,0.678760000000,0.352310000000),
double3(0.200890000000,0.655340000000,0.346480000000),
double3(0.170380000000,0.678120000000,0.345540000000),
double3(0.147710000000,0.654150000000,0.339430000000),
double3(0.098690000000,0.624080000000,0.324380000000),
double3(0.119350000000,0.649570000000,0.336370000000),
double3(0.111050000000,0.668400000000,0.347230000000),
double3(0.082610000000,0.661680000000,0.346020000000),
double3(0.061870000000,0.636030000000,0.334130000000),
double3(0.070190000000,0.617290000000,0.323120000000),
double3(0.973590000000,0.614440000000,0.333590000000),
double3(0.068310000000,0.643070000000,0.626030000000),
double3(0.075190000000,0.667380000000,0.642010000000),
double3(0.101450000000,0.692410000000,0.636890000000),
double3(0.118950000000,0.693820000000,0.615410000000),
double3(0.111310000000,0.669920000000,0.598940000000),
double3(0.085900000000,0.644500000000,0.604530000000),
double3(0.159550000000,0.683820000000,0.579660000000),
double3(0.129910000000,0.671480000000,0.576080000000),
double3(0.118090000000,0.660870000000,0.550290000000),
double3(0.135500000000,0.662670000000,0.528460000000),
double3(0.165130000000,0.674980000000,0.532150000000),
double3(0.176890000000,0.685650000000,0.557800000000),
double3(0.184160000000,0.677330000000,0.510620000000),
double3(0.177230000000,0.663990000000,0.487430000000),
double3(0.243090000000,0.672010000000,0.433200000000),
double3(0.266300000000,0.672540000000,0.416730000000),
double3(0.288020000000,0.670750000000,0.430610000000),
double3(0.309050000000,0.669120000000,0.415940000000),
double3(0.249650000000,0.691330000000,0.454720000000),
double3(0.228190000000,0.689230000000,0.471950000000),
double3(0.199680000000,0.667720000000,0.467980000000),
double3(0.214570000000,0.650900000000,0.428820000000),
double3(0.192970000000,0.648900000000,0.445890000000),
double3(0.009500000000,0.634860000000,0.642780000000),
double3(0.981050000000,0.613060000000,0.642530000000),
double3(0.968380000000,0.597110000000,0.666110000000),
double3(0.984500000000,0.603710000000,0.690070000000),
double3(0.012930000000,0.625510000000,0.690360000000),
double3(0.050620000000,0.591900000000,0.312220000000),
double3(0.855070000000,0.494960000000,0.271120000000),
double3(0.391660000000,0.549080000000,0.960540000000),
double3(0.294550000000,0.499040000000,0.891910000000),
double3(0.287820000000,0.671700000000,0.350950000000),
double3(0.226370000000,0.635640000000,0.352930000000),
double3(0.257420000000,0.718220000000,0.389690000000),
double3(0.184950000000,0.637270000000,0.335050000000),
double3(0.169410000000,0.697480000000,0.347800000000),
double3(0.104680000000,0.609140000000,0.316460000000),
double3(0.126080000000,0.687870000000,0.357450000000),
double3(0.076730000000,0.676460000000,0.354580000000),
double3(0.049660000000,0.622670000000,0.630300000000),
double3(0.108260000000,0.711150000000,0.649460000000),
double3(0.138410000000,0.713740000000,0.611560000000),
double3(0.079950000000,0.625520000000,0.592570000000),
double3(0.095370000000,0.651590000000,0.546940000000),
double3(0.125640000000,0.654810000000,0.508840000000),
double3(0.199650000000,0.695130000000,0.560910000000),
double3(0.155270000000,0.648630000000,0.482800000000),
double3(0.288170000000,0.669930000000,0.452640000000),
double3(0.271530000000,0.707770000000,0.458450000000),
double3(0.234020000000,0.704190000000,0.488660000000),
double3(0.209130000000,0.635400000000,0.412670000000),
double3(0.018400000000,0.647200000000,0.624390000000),
double3(0.968940000000,0.608650000000,0.623840000000),
double3(0.974830000000,0.592470000000,0.708820000000),
double3(0.023930000000,0.630700000000,0.709700000000),
double3(0.057090000000,0.666670000000,0.666670000000),
double3(0.639730000000,0.330850000000,0.612910000000),
double3(0.616350000000,0.328690000000,0.627000000000),
double3(0.593060000000,0.326640000000,0.612280000000),
double3(0.570150000000,0.345590000000,0.643490000000),
double3(0.567930000000,0.323330000000,0.627200000000),
double3(0.541120000000,0.299180000000,0.622770000000),
double3(0.516530000000,0.298020000000,0.633050000000),
double3(0.518470000000,0.321240000000,0.647690000000),
double3(0.545550000000,0.344660000000,0.653520000000),
double3(0.492260000000,0.321880000000,0.654460000000),
double3(0.493560000000,0.345850000000,0.660570000000),
double3(0.474610000000,0.375920000000,0.675620000000),
double3(0.469780000000,0.350430000000,0.663630000000),
double3(0.442650000000,0.331600000000,0.652770000000),
double3(0.420930000000,0.338320000000,0.653980000000),
double3(0.425840000000,0.363970000000,0.665870000000),
double3(0.452900000000,0.382710000000,0.676880000000),
double3(0.359150000000,0.385560000000,0.666410000000),
double3(0.425240000000,0.356930000000,0.373970000000),
double3(0.407810000000,0.332620000000,0.357990000000),
double3(0.409040000000,0.307590000000,0.363110000000),
double3(0.425130000000,0.306180000000,0.384590000000),
double3(0.441390000000,0.330080000000,0.401060000000),
double3(0.441400000000,0.355500000000,0.395470000000),
double3(0.475730000000,0.316180000000,0.420340000000),
double3(0.458430000000,0.328520000000,0.423920000000),
double3(0.457220000000,0.339130000000,0.449710000000),
double3(0.472830000000,0.337330000000,0.471540000000),
double3(0.490150000000,0.325020000000,0.467850000000),
double3(0.491240000000,0.314350000000,0.442200000000),
double3(0.506830000000,0.322670000000,0.489380000000),
double3(0.513240000000,0.336010000000,0.512570000000),
double3(0.571080000000,0.327990000000,0.566800000000),
double3(0.593760000000,0.327460000000,0.583270000000),
double3(0.617270000000,0.329250000000,0.569390000000),
double3(0.639930000000,0.330880000000,0.584060000000),
double3(0.558320000000,0.308670000000,0.545280000000),
double3(0.538960000000,0.310770000000,0.528050000000),
double3(0.531960000000,0.332280000000,0.532020000000),
double3(0.563670000000,0.349100000000,0.571180000000),
double3(0.544070000000,0.351100000000,0.554110000000),
double3(0.374640000000,0.365140000000,0.357220000000),
double3(0.367990000000,0.386940000000,0.357470000000),
double3(0.371270000000,0.402890000000,0.333890000000),
double3(0.380790000000,0.396290000000,0.309930000000),
double3(0.387420000000,0.374490000000,0.309640000000),
double3(0.458720000000,0.408100000000,0.687780000000),
double3(0.360110000000,0.505040000000,0.728880000000),
double3(0.842580000000,0.450920000000,0.039460000000),
double3(0.795510000000,0.500960000000,0.108090000000),
double3(0.616120000000,0.328300000000,0.649050000000),
double3(0.590730000000,0.364360000000,0.647070000000),
double3(0.539200000000,0.281780000000,0.610310000000),
double3(0.547680000000,0.362730000000,0.664950000000),
double3(0.471930000000,0.302520000000,0.652200000000),
double3(0.495540000000,0.390860000000,0.683540000000),
double3(0.438210000000,0.312130000000,0.642550000000),
double3(0.400270000000,0.323540000000,0.645420000000),
double3(0.426990000000,0.377330000000,0.369700000000),
double3(0.397110000000,0.288850000000,0.350540000000),
double3(0.424670000000,0.286260000000,0.388440000000),
double3(0.454430000000,0.374480000000,0.407430000000),
double3(0.443780000000,0.348410000000,0.453060000000),
double3(0.470830000000,0.345190000000,0.491160000000),
double3(0.504520000000,0.304870000000,0.439090000000),
double3(0.506640000000,0.351370000000,0.517200000000),
double3(0.618240000000,0.330070000000,0.547360000000),
double3(0.563760000000,0.292230000000,0.541550000000),
double3(0.529830000000,0.295810000000,0.511340000000),
double3(0.573730000000,0.364600000000,0.587330000000),
double3(0.371200000000,0.352800000000,0.375610000000),
double3(0.360290000000,0.391350000000,0.376160000000),
double3(0.382360000000,0.407530000000,0.291180000000),
double3(0.393230000000,0.369300000000,0.290300000000),
double3(0.390420000000,0.333330000000,0.333330000000),
double3(0.666670000000,0.333330000000,0.040900000000),
double3(0.666670000000,0.333330000000,0.095310000000),
double3(0.666670000000,0.333330000000,0.018270000000),
double3(0.666670000000,0.333330000000,0.117950000000),
double3(0.669150000000,0.308880000000,0.612910000000),
double3(0.671310000000,0.287660000000,0.627000000000),
double3(0.673360000000,0.266420000000,0.612280000000),
double3(0.654410000000,0.224560000000,0.643490000000),
double3(0.676670000000,0.244600000000,0.627200000000),
double3(0.700820000000,0.241940000000,0.622770000000),
double3(0.701980000000,0.218510000000,0.633050000000),
double3(0.678760000000,0.197230000000,0.647690000000),
double3(0.655340000000,0.200890000000,0.653520000000),
double3(0.678120000000,0.170380000000,0.654460000000),
double3(0.654150000000,0.147710000000,0.660570000000),
double3(0.624080000000,0.098690000000,0.675620000000),
double3(0.649570000000,0.119350000000,0.663630000000),
double3(0.668400000000,0.111050000000,0.652770000000),
double3(0.661680000000,0.082610000000,0.653980000000),
double3(0.636030000000,0.061870000000,0.665870000000),
double3(0.617290000000,0.070190000000,0.676880000000),
double3(0.614440000000,0.973590000000,0.666410000000),
double3(0.643070000000,0.068310000000,0.373970000000),
double3(0.667380000000,0.075190000000,0.357990000000),
double3(0.692410000000,0.101450000000,0.363110000000),
double3(0.693820000000,0.118950000000,0.384590000000),
double3(0.669920000000,0.111310000000,0.401060000000),
double3(0.644500000000,0.085900000000,0.395470000000),
double3(0.683820000000,0.159550000000,0.420340000000),
double3(0.671480000000,0.129910000000,0.423920000000),
double3(0.660870000000,0.118090000000,0.449710000000),
double3(0.662670000000,0.135500000000,0.471540000000),
double3(0.674980000000,0.165130000000,0.467850000000),
double3(0.685650000000,0.176890000000,0.442200000000),
double3(0.677330000000,0.184160000000,0.489380000000),
double3(0.663990000000,0.177230000000,0.512570000000),
double3(0.672010000000,0.243090000000,0.566800000000),
double3(0.672540000000,0.266300000000,0.583270000000),
double3(0.670750000000,0.288020000000,0.569390000000),
double3(0.669120000000,0.309050000000,0.584060000000),
double3(0.691330000000,0.249650000000,0.545280000000),
double3(0.689230000000,0.228190000000,0.528050000000),
double3(0.667720000000,0.199680000000,0.532020000000),
double3(0.650900000000,0.214570000000,0.571180000000),
double3(0.648900000000,0.192970000000,0.554110000000),
double3(0.634860000000,0.009500000000,0.357220000000),
double3(0.613060000000,0.981050000000,0.357470000000),
double3(0.597110000000,0.968380000000,0.333890000000),
double3(0.603710000000,0.984500000000,0.309930000000),
double3(0.625510000000,0.012930000000,0.309640000000),
double3(0.591900000000,0.050620000000,0.687780000000),
double3(0.494960000000,0.855070000000,0.728880000000),
double3(0.549080000000,0.391660000000,0.039460000000),
double3(0.499040000000,0.294550000000,0.108090000000),
double3(0.671700000000,0.287820000000,0.649050000000),
double3(0.635640000000,0.226370000000,0.647070000000),
double3(0.718220000000,0.257420000000,0.610310000000),
double3(0.637270000000,0.184950000000,0.664950000000),
double3(0.697480000000,0.169410000000,0.652200000000),
double3(0.609140000000,0.104680000000,0.683540000000),
double3(0.687870000000,0.126080000000,0.642550000000),
double3(0.676460000000,0.076730000000,0.645420000000),
double3(0.622670000000,0.049660000000,0.369700000000),
double3(0.711150000000,0.108260000000,0.350540000000),
double3(0.713740000000,0.138410000000,0.388440000000),
double3(0.625520000000,0.079950000000,0.407430000000),
double3(0.651590000000,0.095370000000,0.453060000000),
double3(0.654810000000,0.125640000000,0.491160000000),
double3(0.695130000000,0.199650000000,0.439090000000),
double3(0.648630000000,0.155270000000,0.517200000000),
double3(0.669930000000,0.288170000000,0.547360000000),
double3(0.707770000000,0.271530000000,0.541550000000),
double3(0.704190000000,0.234020000000,0.511340000000),
double3(0.635400000000,0.209130000000,0.587330000000),
double3(0.647200000000,0.018400000000,0.375610000000),
double3(0.608650000000,0.968940000000,0.376160000000),
double3(0.592470000000,0.974830000000,0.291180000000),
double3(0.630700000000,0.023930000000,0.290300000000),
double3(0.666670000000,0.057090000000,0.333330000000),
double3(0.691120000000,0.360270000000,0.612910000000),
double3(0.712340000000,0.383650000000,0.627000000000),
double3(0.733580000000,0.406940000000,0.612280000000),
double3(0.775440000000,0.429850000000,0.643490000000),
double3(0.755400000000,0.432070000000,0.627200000000),
double3(0.758060000000,0.458880000000,0.622770000000),
double3(0.781490000000,0.483470000000,0.633050000000),
double3(0.802770000000,0.481530000000,0.647690000000),
double3(0.799110000000,0.454450000000,0.653520000000),
double3(0.829620000000,0.507740000000,0.654460000000),
double3(0.852290000000,0.506440000000,0.660570000000),
double3(0.901310000000,0.525390000000,0.675620000000),
double3(0.880650000000,0.530220000000,0.663630000000),
double3(0.888950000000,0.557350000000,0.652770000000),
double3(0.917390000000,0.579070000000,0.653980000000),
double3(0.938130000000,0.574160000000,0.665870000000),
double3(0.929810000000,0.547100000000,0.676880000000),
double3(0.026410000000,0.640850000000,0.666410000000),
double3(0.931690000000,0.574760000000,0.373970000000),
double3(0.924810000000,0.592190000000,0.357990000000),
double3(0.898550000000,0.590960000000,0.363110000000),
double3(0.881050000000,0.574870000000,0.384590000000),
double3(0.888690000000,0.558610000000,0.401060000000),
double3(0.914100000000,0.558600000000,0.395470000000),
double3(0.840450000000,0.524270000000,0.420340000000),
double3(0.870090000000,0.541570000000,0.423920000000),
double3(0.881910000000,0.542780000000,0.449710000000),
double3(0.864500000000,0.527170000000,0.471540000000),
double3(0.834870000000,0.509850000000,0.467850000000),
double3(0.823110000000,0.508760000000,0.442200000000),
double3(0.815840000000,0.493170000000,0.489380000000),
double3(0.822770000000,0.486760000000,0.512570000000),
double3(0.756910000000,0.428920000000,0.566800000000),
double3(0.733700000000,0.406240000000,0.583270000000),
double3(0.711980000000,0.382730000000,0.569390000000),
double3(0.690950000000,0.360070000000,0.584060000000),
double3(0.750350000000,0.441680000000,0.545280000000),
double3(0.771810000000,0.461040000000,0.528050000000),
double3(0.800320000000,0.468040000000,0.532020000000),
double3(0.785430000000,0.436330000000,0.571180000000),
double3(0.807030000000,0.455930000000,0.554110000000),
double3(0.990500000000,0.625360000000,0.357220000000),
double3(0.018950000000,0.632010000000,0.357470000000),
double3(0.031620000000,0.628730000000,0.333890000000),
double3(0.015500000000,0.619210000000,0.309930000000),
double3(0.987070000000,0.612580000000,0.309640000000),
double3(0.949380000000,0.541280000000,0.687780000000),
double3(0.144930000000,0.639890000000,0.728880000000),
double3(0.608340000000,0.157420000000,0.039460000000),
double3(0.705450000000,0.204490000000,0.108090000000),
double3(0.712180000000,0.383880000000,0.649050000000),
double3(0.773630000000,0.409270000000,0.647070000000),
double3(0.742580000000,0.460800000000,0.610310000000),
double3(0.815050000000,0.452320000000,0.664950000000),
double3(0.830590000000,0.528070000000,0.652200000000),
double3(0.895320000000,0.504460000000,0.683540000000),
double3(0.873920000000,0.561790000000,0.642550000000),
double3(0.923270000000,0.599730000000,0.645420000000),
double3(0.950340000000,0.573010000000,0.369700000000),
double3(0.891740000000,0.602890000000,0.350540000000),
double3(0.861590000000,0.575330000000,0.388440000000),
double3(0.920050000000,0.545570000000,0.407430000000),
double3(0.904630000000,0.556220000000,0.453060000000),
double3(0.874360000000,0.529170000000,0.491160000000),
double3(0.800350000000,0.495480000000,0.439090000000),
double3(0.844730000000,0.493360000000,0.517200000000),
double3(0.711830000000,0.381760000000,0.547360000000),
double3(0.728470000000,0.436240000000,0.541550000000),
double3(0.765980000000,0.470170000000,0.511340000000),
double3(0.790870000000,0.426270000000,0.587330000000),
double3(0.981600000000,0.628800000000,0.375610000000),
double3(0.031060000000,0.639710000000,0.376160000000),
double3(0.025170000000,0.617640000000,0.291180000000),
double3(0.976070000000,0.606770000000,0.290300000000),
double3(0.942910000000,0.609580000000,0.333330000000),
double3(0.997516666667,0.973063333333,0.720423333333),
double3(0.995356666667,0.949683333333,0.706333333333),
double3(0.993306666667,0.926393333333,0.721053333333),
double3(0.012256666667,0.903483333333,0.689843333333),
double3(0.989996666667,0.901263333333,0.706133333333),
double3(0.965846666667,0.874453333333,0.710563333333),
double3(0.964686666667,0.849863333333,0.700283333333),
double3(0.987906666667,0.851803333333,0.685643333333),
double3(0.011326666667,0.878883333333,0.679813333333),
double3(0.988546666667,0.825593333333,0.678873333333),
double3(0.012516666667,0.826893333333,0.672763333333),
double3(0.042586666667,0.807943333333,0.657713333333),
double3(0.017096666667,0.803113333333,0.669703333333),
double3(0.998266666667,0.775983333333,0.680563333333),
double3(0.004986666667,0.754263333333,0.679353333333),
double3(0.030636666667,0.759173333333,0.667463333333),
double3(0.049376666667,0.786233333333,0.656453333333),
double3(0.052226666667,0.692483333333,0.666923333333),
double3(0.023596666667,0.758573333333,0.959363333333),
double3(0.999286666667,0.741143333333,0.975343333333),
double3(0.974256666667,0.742373333333,0.970223333333),
double3(0.972846666667,0.758463333333,0.948743333333),
double3(0.996746666667,0.774723333333,0.932273333333),
double3(0.022166666667,0.774733333333,0.937863333333),
double3(0.982846666667,0.809063333333,0.912993333333),
double3(0.995186666667,0.791763333333,0.909413333333),
double3(0.005796666667,0.790553333333,0.883623333333),
double3(0.003996666667,0.806163333333,0.861793333333),
double3(0.991686666667,0.823483333333,0.865483333333),
double3(0.981016666667,0.824573333333,0.891133333333),
double3(0.989336666667,0.840163333333,0.843953333333),
double3(0.002676666667,0.846573333333,0.820763333333),
double3(0.994656666667,0.904413333333,0.766533333333),
double3(0.994126666667,0.927093333333,0.750063333333),
double3(0.995916666667,0.950603333333,0.763943333333),
double3(0.997546666667,0.973263333333,0.749273333333),
double3(0.975336666667,0.891653333333,0.788053333333),
double3(0.977436666667,0.872293333333,0.805283333333),
double3(0.998946666667,0.865293333333,0.801313333333),
double3(0.015766666667,0.897003333333,0.762153333333),
double3(0.017766666667,0.877403333333,0.779223333333),
double3(0.031806666667,0.707973333333,0.976113333333),
double3(0.053606666667,0.701323333333,0.975863333333),
double3(0.069556666667,0.704603333333,0.999443333333),
double3(0.062956666667,0.714123333333,0.023403333333),
double3(0.041156666667,0.720753333333,0.023693333333),
double3(0.074766666667,0.792053333333,0.645553333333),
double3(0.171706666667,0.693443333333,0.604453333333),
double3(0.117586666667,0.175913333333,0.293873333333),
double3(0.167626666667,0.128843333333,0.225243333333),
double3(0.994966666667,0.949453333333,0.684283333333),
double3(0.031026666667,0.924063333333,0.686263333333),
double3(0.948446666667,0.872533333333,0.723023333333),
double3(0.029396666667,0.881013333333,0.668383333333),
double3(0.969186666667,0.805263333333,0.681133333333),
double3(0.057526666667,0.828873333333,0.649793333333),
double3(0.978796666667,0.771543333333,0.690783333333),
double3(0.990206666667,0.733603333333,0.687913333333),
double3(0.043996666667,0.760323333333,0.963633333333),
double3(0.955516666667,0.730443333333,0.982793333333),
double3(0.952926666667,0.758003333333,0.944893333333),
double3(0.041146666667,0.787763333333,0.925903333333),
double3(0.015076666667,0.777113333333,0.880273333333),
double3(0.011856666667,0.804163333333,0.842173333333),
double3(0.971536666667,0.837853333333,0.894243333333),
double3(0.018036666667,0.839973333333,0.816133333333),
double3(0.996736666667,0.951573333333,0.785973333333),
double3(0.958896666667,0.897093333333,0.791783333333),
double3(0.962476666667,0.863163333333,0.821993333333),
double3(0.031266666667,0.907063333333,0.746003333333),
double3(0.019466666667,0.704533333333,0.957723333333),
double3(0.058016666667,0.693623333333,0.957173333333),
double3(0.074196666667,0.715693333333,0.042153333333),
double3(0.035966666667,0.726563333333,0.043033333333),
double3(0.999996666667,0.723753333333,0.000003333333),
double3(0.999996666667,0.000003333333,0.292433333333),
double3(0.999996666667,0.000003333333,0.238023333333),
double3(0.999996666667,0.000003333333,0.315063333333),
double3(0.999996666667,0.000003333333,0.215383333333),
double3(0.026936666667,0.024453333333,0.720423333333),
double3(0.050316666667,0.045673333333,0.706333333333),
double3(0.073606666667,0.066913333333,0.721053333333),
double3(0.096516666667,0.108773333333,0.689843333333),
double3(0.098736666667,0.088733333333,0.706133333333),
double3(0.125546666667,0.091393333333,0.710563333333),
double3(0.150136666667,0.114823333333,0.700283333333),
double3(0.148196666667,0.136103333333,0.685643333333),
double3(0.121116666667,0.132443333333,0.679813333333),
double3(0.174406666667,0.162953333333,0.678873333333),
double3(0.173106666667,0.185623333333,0.672763333333),
double3(0.192056666667,0.234643333333,0.657713333333),
double3(0.196886666667,0.213983333333,0.669703333333),
double3(0.224016666667,0.222283333333,0.680563333333),
double3(0.245736666667,0.250723333333,0.679353333333),
double3(0.240826666667,0.271463333333,0.667463333333),
double3(0.213766666667,0.263143333333,0.656453333333),
double3(0.307516666667,0.359743333333,0.666923333333),
double3(0.241426666667,0.265023333333,0.959363333333),
double3(0.258856666667,0.258143333333,0.975343333333),
double3(0.257626666667,0.231883333333,0.970223333333),
double3(0.241536666667,0.214383333333,0.948743333333),
double3(0.225276666667,0.222023333333,0.932273333333),
double3(0.225266666667,0.247433333333,0.937863333333),
double3(0.190936666667,0.173783333333,0.912993333333),
double3(0.208236666667,0.203423333333,0.909413333333),
double3(0.209446666667,0.215243333333,0.883623333333),
double3(0.193836666667,0.197833333333,0.861793333333),
double3(0.176516666667,0.168203333333,0.865483333333),
double3(0.175426666667,0.156443333333,0.891133333333),
double3(0.159836666667,0.149173333333,0.843953333333),
double3(0.153426666667,0.156103333333,0.820763333333),
double3(0.095586666667,0.090243333333,0.766533333333),
double3(0.072906666667,0.067033333333,0.750063333333),
double3(0.049396666667,0.045313333333,0.763943333333),
double3(0.026736666667,0.024283333333,0.749273333333),
double3(0.108346666667,0.083683333333,0.788053333333),
double3(0.127706666667,0.105143333333,0.805283333333),
double3(0.134706666667,0.133653333333,0.801313333333),
double3(0.102996666667,0.118763333333,0.762153333333),
double3(0.122596666667,0.140363333333,0.779223333333),
double3(0.292026666667,0.323833333333,0.976113333333),
double3(0.298676666667,0.352283333333,0.975863333333),
double3(0.295396666667,0.364953333333,0.999443333333),
double3(0.285876666667,0.348833333333,0.023403333333),
double3(0.279246666667,0.320403333333,0.023693333333),
double3(0.207946666667,0.282713333333,0.645553333333),
double3(0.306556666667,0.478263333333,0.604453333333),
double3(0.824086666667,0.941673333333,0.293873333333),
double3(0.871156666667,0.038783333333,0.225243333333),
double3(0.050546666667,0.045513333333,0.684283333333),
double3(0.075936666667,0.106963333333,0.686263333333),
double3(0.127466666667,0.075913333333,0.723023333333),
double3(0.118986666667,0.148383333333,0.668383333333),
double3(0.194736666667,0.163923333333,0.681133333333),
double3(0.171126666667,0.228653333333,0.649793333333),
double3(0.228456666667,0.207253333333,0.690783333333),
double3(0.266396666667,0.256603333333,0.687913333333),
double3(0.239676666667,0.283673333333,0.963633333333),
double3(0.269556666667,0.225073333333,0.982793333333),
double3(0.241996666667,0.194923333333,0.944893333333),
double3(0.212236666667,0.253383333333,0.925903333333),
double3(0.222886666667,0.237963333333,0.880273333333),
double3(0.195836666667,0.207693333333,0.842173333333),
double3(0.162146666667,0.133683333333,0.894243333333),
double3(0.160026666667,0.178063333333,0.816133333333),
double3(0.048426666667,0.045163333333,0.785973333333),
double3(0.102906666667,0.061803333333,0.791783333333),
double3(0.136836666667,0.099313333333,0.821993333333),
double3(0.092936666667,0.124203333333,0.746003333333),
double3(0.295466666667,0.314933333333,0.957723333333),
double3(0.306376666667,0.364393333333,0.957173333333),
double3(0.284306666667,0.358503333333,0.042153333333),
double3(0.273436666667,0.309403333333,0.043033333333),
double3(0.276246666667,0.276243333333,0.000003333333),
double3(0.975546666667,0.002483333333,0.720423333333),
double3(0.954326666667,0.004643333333,0.706333333333),
double3(0.933086666667,0.006693333333,0.721053333333),
double3(0.891226666667,0.987743333333,0.689843333333),
double3(0.911266666667,0.010003333333,0.706133333333),
double3(0.908606666667,0.034153333333,0.710563333333),
double3(0.885176666667,0.035313333333,0.700283333333),
double3(0.863896666667,0.012093333333,0.685643333333),
double3(0.867556666667,0.988673333333,0.679813333333),
double3(0.837046666667,0.011453333333,0.678873333333),
double3(0.814376666667,0.987483333333,0.672763333333),
double3(0.765356666667,0.957413333333,0.657713333333),
double3(0.786016666667,0.982903333333,0.669703333333),
double3(0.777716666667,0.001733333333,0.680563333333),
double3(0.749276666667,0.995013333333,0.679353333333),
double3(0.728536666667,0.969363333333,0.667463333333),
double3(0.736856666667,0.950623333333,0.656453333333),
double3(0.640256666667,0.947773333333,0.666923333333),
double3(0.734976666667,0.976403333333,0.959363333333),
double3(0.741856666667,0.000713333333,0.975343333333),
double3(0.768116666667,0.025743333333,0.970223333333),
double3(0.785616666667,0.027153333333,0.948743333333),
double3(0.777976666667,0.003253333333,0.932273333333),
double3(0.752566666667,0.977833333333,0.937863333333),
double3(0.826216666667,0.017153333333,0.912993333333),
double3(0.796576666667,0.004813333333,0.909413333333),
double3(0.784756666667,0.994203333333,0.883623333333),
double3(0.802166666667,0.996003333333,0.861793333333),
double3(0.831796666667,0.008313333333,0.865483333333),
double3(0.843556666667,0.018983333333,0.891133333333),
double3(0.850826666667,0.010663333333,0.843953333333),
double3(0.843896666667,0.997323333333,0.820763333333),
double3(0.909756666667,0.005343333333,0.766533333333),
double3(0.932966666667,0.005873333333,0.750063333333),
double3(0.954686666667,0.004083333333,0.763943333333),
double3(0.975716666667,0.002453333333,0.749273333333),
double3(0.916316666667,0.024663333333,0.788053333333),
double3(0.894856666667,0.022563333333,0.805283333333),
double3(0.866346666667,0.001053333333,0.801313333333),
double3(0.881236666667,0.984233333333,0.762153333333),
double3(0.859636666667,0.982233333333,0.779223333333),
double3(0.676166666667,0.968193333333,0.976113333333),
double3(0.647716666667,0.946393333333,0.975863333333),
double3(0.635046666667,0.930443333333,0.999443333333),
double3(0.651166666667,0.937043333333,0.023403333333),
double3(0.679596666667,0.958843333333,0.023693333333),
double3(0.717286666667,0.925233333333,0.645553333333),
double3(0.521736666667,0.828293333333,0.604453333333),
double3(0.058326666667,0.882413333333,0.293873333333),
double3(0.961216666667,0.832373333333,0.225243333333),
double3(0.954486666667,0.005033333333,0.684283333333),
double3(0.893036666667,0.968973333333,0.686263333333),
double3(0.924086666667,0.051553333333,0.723023333333),
double3(0.851616666667,0.970603333333,0.668383333333),
double3(0.836076666667,0.030813333333,0.681133333333),
double3(0.771346666667,0.942473333333,0.649793333333),
double3(0.792746666667,0.021203333333,0.690783333333),
double3(0.743396666667,0.009793333333,0.687913333333),
double3(0.716326666667,0.956003333333,0.963633333333),
double3(0.774926666667,0.044483333333,0.982793333333),
double3(0.805076666667,0.047073333333,0.944893333333),
double3(0.746616666667,0.958853333333,0.925903333333),
double3(0.762036666667,0.984923333333,0.880273333333),
double3(0.792306666667,0.988143333333,0.842173333333),
double3(0.866316666667,0.028463333333,0.894243333333),
double3(0.821936666667,0.981963333333,0.816133333333),
double3(0.954836666667,0.003263333333,0.785973333333),
double3(0.938196666667,0.041103333333,0.791783333333),
double3(0.900686666667,0.037523333333,0.821993333333),
double3(0.875796666667,0.968733333333,0.746003333333),
double3(0.685066666667,0.980533333333,0.957723333333),
double3(0.635606666667,0.941983333333,0.957173333333),
double3(0.641496666667,0.925803333333,0.042153333333),
double3(0.690596666667,0.964033333333,0.043033333333),
double3(0.723756666667,0.000003333333,0.000003333333),
double3(0.306396666667,0.664183333333,0.946243333333),
double3(0.283016666667,0.662023333333,0.960333333333),
double3(0.259726666667,0.659973333333,0.945613333333),
double3(0.236816666667,0.678923333333,0.976823333333),
double3(0.234596666667,0.656663333333,0.960533333333),
double3(0.207786666667,0.632513333333,0.956103333333),
double3(0.183196666667,0.631353333333,0.966383333333),
double3(0.185136666667,0.654573333333,0.981023333333),
double3(0.212216666667,0.677993333333,0.986853333333),
double3(0.158926666667,0.655213333333,0.987793333333),
double3(0.160226666667,0.679183333333,0.993903333333),
double3(0.141276666667,0.709253333333,0.008953333333),
double3(0.136446666667,0.683763333333,0.996963333333),
double3(0.109316666667,0.664933333333,0.986103333333),
double3(0.087596666667,0.671653333333,0.987313333333),
double3(0.092506666667,0.697303333333,0.999203333333),
double3(0.119566666667,0.716043333333,0.010213333333),
double3(0.025816666667,0.718893333333,0.999743333333),
double3(0.091906666667,0.690263333333,0.707303333333),
double3(0.074476666667,0.665953333333,0.691323333333),
double3(0.075706666667,0.640923333333,0.696443333333),
double3(0.091796666667,0.639513333333,0.717923333333),
double3(0.108056666667,0.663413333333,0.734393333333),
double3(0.108066666667,0.688833333333,0.728803333333),
double3(0.142396666667,0.649513333333,0.753673333333),
double3(0.125096666667,0.661853333333,0.757253333333),
double3(0.123886666667,0.672463333333,0.783043333333),
double3(0.139496666667,0.670663333333,0.804873333333),
double3(0.156816666667,0.658353333333,0.801183333333),
double3(0.157906666667,0.647683333333,0.775533333333),
double3(0.173496666667,0.656003333333,0.822713333333),
double3(0.179906666667,0.669343333333,0.845903333333),
double3(0.237746666667,0.661323333333,0.900133333333),
double3(0.260426666667,0.660793333333,0.916603333333),
double3(0.283936666667,0.662583333333,0.902723333333),
double3(0.306596666667,0.664213333333,0.917393333333),
double3(0.224986666667,0.642003333333,0.878613333333),
double3(0.205626666667,0.644103333333,0.861383333333),
double3(0.198626666667,0.665613333333,0.865353333333),
double3(0.230336666667,0.682433333333,0.904513333333),
double3(0.210736666667,0.684433333333,0.887443333333),
double3(0.041306666667,0.698473333333,0.690553333333),
double3(0.034656666667,0.720273333333,0.690803333333),
double3(0.037936666667,0.736223333333,0.667223333333),
double3(0.047456666667,0.729623333333,0.643263333333),
double3(0.054086666667,0.707823333333,0.642973333333),
double3(0.125386666667,0.741433333333,0.021113333333),
double3(0.026776666667,0.838373333333,0.062213333333),
double3(0.509246666667,0.784253333333,0.372793333333),
double3(0.462176666667,0.834293333333,0.441423333333),
double3(0.282786666667,0.661633333333,0.982383333333),
double3(0.257396666667,0.697693333333,0.980403333333),
double3(0.205866666667,0.615113333333,0.943643333333),
double3(0.214346666667,0.696063333333,0.998283333333),
double3(0.138596666667,0.635853333333,0.985533333333),
double3(0.162206666667,0.724193333333,0.016873333333),
double3(0.104876666667,0.645463333333,0.975883333333),
double3(0.066936666667,0.656873333333,0.978753333333),
double3(0.093656666667,0.710663333333,0.703033333333),
double3(0.063776666667,0.622183333333,0.683873333333),
double3(0.091336666667,0.619593333333,0.721773333333),
double3(0.121096666667,0.707813333333,0.740763333333),
double3(0.110446666667,0.681743333333,0.786393333333),
double3(0.137496666667,0.678523333333,0.824493333333),
double3(0.171186666667,0.638203333333,0.772423333333),
double3(0.173306666667,0.684703333333,0.850533333333),
double3(0.284906666667,0.663403333333,0.880693333333),
double3(0.230426666667,0.625563333333,0.874883333333),
double3(0.196496666667,0.629143333333,0.844673333333),
double3(0.240396666667,0.697933333333,0.920663333333),
double3(0.037866666667,0.686133333333,0.708943333333),
double3(0.026956666667,0.724683333333,0.709493333333),
double3(0.049026666667,0.740863333333,0.624513333333),
double3(0.059896666667,0.702633333333,0.623633333333),
double3(0.333336666667,0.666663333333,0.374233333333),
double3(0.333336666667,0.666663333333,0.428643333333),
double3(0.333336666667,0.666663333333,0.351603333333),
double3(0.333336666667,0.666663333333,0.451283333333),
double3(0.335816666667,0.642213333333,0.946243333333),
double3(0.337976666667,0.620993333333,0.960333333333),
double3(0.340026666667,0.599753333333,0.945613333333),
double3(0.321076666667,0.557893333333,0.976823333333),
double3(0.343336666667,0.577933333333,0.960533333333),
double3(0.367486666667,0.575273333333,0.956103333333),
double3(0.368646666667,0.551843333333,0.966383333333),
double3(0.345426666667,0.530563333333,0.981023333333),
double3(0.322006666667,0.534223333333,0.986853333333),
double3(0.344786666667,0.503713333333,0.987793333333),
double3(0.320816666667,0.481043333333,0.993903333333),
double3(0.290746666667,0.432023333333,0.008953333333),
double3(0.316236666667,0.452683333333,0.996963333333),
double3(0.335066666667,0.444383333333,0.986103333333),
double3(0.328346666667,0.415943333333,0.987313333333),
double3(0.302696666667,0.395203333333,0.999203333333),
double3(0.283956666667,0.403523333333,0.010213333333),
double3(0.281106666667,0.306923333333,0.999743333333),
double3(0.309736666667,0.401643333333,0.707303333333),
double3(0.334046666667,0.408523333333,0.691323333333),
double3(0.359076666667,0.434783333333,0.696443333333),
double3(0.360486666667,0.452283333333,0.717923333333),
double3(0.336586666667,0.444643333333,0.734393333333),
double3(0.311166666667,0.419233333333,0.728803333333),
double3(0.350486666667,0.492883333333,0.753673333333),
double3(0.338146666667,0.463243333333,0.757253333333),
double3(0.327536666667,0.451423333333,0.783043333333),
double3(0.329336666667,0.468833333333,0.804873333333),
double3(0.341646666667,0.498463333333,0.801183333333),
double3(0.352316666667,0.510223333333,0.775533333333),
double3(0.343996666667,0.517493333333,0.822713333333),
double3(0.330656666667,0.510563333333,0.845903333333),
double3(0.338676666667,0.576423333333,0.900133333333),
double3(0.339206666667,0.599633333333,0.916603333333),
double3(0.337416666667,0.621353333333,0.902723333333),
double3(0.335786666667,0.642383333333,0.917393333333),
double3(0.357996666667,0.582983333333,0.878613333333),
double3(0.355896666667,0.561523333333,0.861383333333),
double3(0.334386666667,0.533013333333,0.865353333333),
double3(0.317566666667,0.547903333333,0.904513333333),
double3(0.315566666667,0.526303333333,0.887443333333),
double3(0.301526666667,0.342833333333,0.690553333333),
double3(0.279726666667,0.314383333333,0.690803333333),
double3(0.263776666667,0.301713333333,0.667223333333),
double3(0.270376666667,0.317833333333,0.643263333333),
double3(0.292176666667,0.346263333333,0.642973333333),
double3(0.258566666667,0.383953333333,0.021113333333),
double3(0.161626666667,0.188403333333,0.062213333333),
double3(0.215746666667,0.724993333333,0.372793333333),
double3(0.165706666667,0.627883333333,0.441423333333),
double3(0.338366666667,0.621153333333,0.982383333333),
double3(0.302306666667,0.559703333333,0.980403333333),
double3(0.384886666667,0.590753333333,0.943643333333),
double3(0.303936666667,0.518283333333,0.998283333333),
double3(0.364146666667,0.502743333333,0.985533333333),
double3(0.275806666667,0.438013333333,0.016873333333),
double3(0.354536666667,0.459413333333,0.975883333333),
double3(0.343126666667,0.410063333333,0.978753333333),
double3(0.289336666667,0.382993333333,0.703033333333),
double3(0.377816666667,0.441593333333,0.683873333333),
double3(0.380406666667,0.471743333333,0.721773333333),
double3(0.292186666667,0.413283333333,0.740763333333),
double3(0.318256666667,0.428703333333,0.786393333333),
double3(0.321476666667,0.458973333333,0.824493333333),
double3(0.361796666667,0.532983333333,0.772423333333),
double3(0.315296666667,0.488603333333,0.850533333333),
double3(0.336596666667,0.621503333333,0.880693333333),
double3(0.374436666667,0.604863333333,0.874883333333),
double3(0.370856666667,0.567353333333,0.844673333333),
double3(0.302066666667,0.542463333333,0.920663333333),
double3(0.313866666667,0.351733333333,0.708943333333),
double3(0.275316666667,0.302273333333,0.709493333333),
double3(0.259136666667,0.308163333333,0.624513333333),
double3(0.297366666667,0.357263333333,0.623633333333),
double3(0.357786666667,0.693603333333,0.946243333333),
double3(0.379006666667,0.716983333333,0.960333333333),
double3(0.400246666667,0.740273333333,0.945613333333),
double3(0.442106666667,0.763183333333,0.976823333333),
double3(0.422066666667,0.765403333333,0.960533333333),
double3(0.424726666667,0.792213333333,0.956103333333),
double3(0.448156666667,0.816803333333,0.966383333333),
double3(0.469436666667,0.814863333333,0.981023333333),
double3(0.465776666667,0.787783333333,0.986853333333),
double3(0.496286666667,0.841073333333,0.987793333333),
double3(0.518956666667,0.839773333333,0.993903333333),
double3(0.567976666667,0.858723333333,0.008953333333),
double3(0.547316666667,0.863553333333,0.996963333333),
double3(0.555616666667,0.890683333333,0.986103333333),
double3(0.584056666667,0.912403333333,0.987313333333),
double3(0.604796666667,0.907493333333,0.999203333333),
double3(0.596476666667,0.880433333333,0.010213333333),
double3(0.693076666667,0.974183333333,0.999743333333),
double3(0.598356666667,0.908093333333,0.707303333333),
double3(0.591476666667,0.925523333333,0.691323333333),
double3(0.565216666667,0.924293333333,0.696443333333),
double3(0.547716666667,0.908203333333,0.717923333333),
double3(0.555356666667,0.891943333333,0.734393333333),
double3(0.580766666667,0.891933333333,0.728803333333),
double3(0.507116666667,0.857603333333,0.753673333333),
double3(0.536756666667,0.874903333333,0.757253333333),
double3(0.548576666667,0.876113333333,0.783043333333),
double3(0.531166666667,0.860503333333,0.804873333333),
double3(0.501536666667,0.843183333333,0.801183333333),
double3(0.489776666667,0.842093333333,0.775533333333),
double3(0.482506666667,0.826503333333,0.822713333333),
double3(0.489436666667,0.820093333333,0.845903333333),
double3(0.423576666667,0.762253333333,0.900133333333),
double3(0.400366666667,0.739573333333,0.916603333333),
double3(0.378646666667,0.716063333333,0.902723333333),
double3(0.357616666667,0.693403333333,0.917393333333),
double3(0.417016666667,0.775013333333,0.878613333333),
double3(0.438476666667,0.794373333333,0.861383333333),
double3(0.466986666667,0.801373333333,0.865353333333),
double3(0.452096666667,0.769663333333,0.904513333333),
double3(0.473696666667,0.789263333333,0.887443333333),
double3(0.657166666667,0.958693333333,0.690553333333),
double3(0.685616666667,0.965343333333,0.690803333333),
double3(0.698286666667,0.962063333333,0.667223333333),
double3(0.682166666667,0.952543333333,0.643263333333),
double3(0.653736666667,0.945913333333,0.642973333333),
double3(0.616046666667,0.874613333333,0.021113333333),
double3(0.811596666667,0.973223333333,0.062213333333),
double3(0.275006666667,0.490753333333,0.372793333333),
double3(0.372116666667,0.537823333333,0.441423333333),
double3(0.378846666667,0.717213333333,0.982383333333),
double3(0.440296666667,0.742603333333,0.980403333333),
double3(0.409246666667,0.794133333333,0.943643333333),
double3(0.481716666667,0.785653333333,0.998283333333),
double3(0.497256666667,0.861403333333,0.985533333333),
double3(0.561986666667,0.837793333333,0.016873333333),
double3(0.540586666667,0.895123333333,0.975883333333),
double3(0.589936666667,0.933063333333,0.978753333333),
double3(0.617006666667,0.906343333333,0.703033333333),
double3(0.558406666667,0.936223333333,0.683873333333),
double3(0.528256666667,0.908663333333,0.721773333333),
double3(0.586716666667,0.878903333333,0.740763333333),
double3(0.571296666667,0.889553333333,0.786393333333),
double3(0.541026666667,0.862503333333,0.824493333333),
double3(0.467016666667,0.828813333333,0.772423333333),
double3(0.511396666667,0.826693333333,0.850533333333),
double3(0.378496666667,0.715093333333,0.880693333333),
double3(0.395136666667,0.769573333333,0.874883333333),
double3(0.432646666667,0.803503333333,0.844673333333),
double3(0.457536666667,0.759603333333,0.920663333333),
double3(0.648266666667,0.962133333333,0.708943333333),
double3(0.697726666667,0.973043333333,0.709493333333),
double3(0.691836666667,0.950973333333,0.624513333333),
double3(0.642736666667,0.940103333333,0.623633333333),
double3(0.664183333333,0.306396666667,0.053756666667),
double3(0.662023333333,0.283016666667,0.039666666667),
double3(0.659973333333,0.259726666667,0.054386666667),
double3(0.678923333333,0.236816666667,0.023176666667),
double3(0.656663333333,0.234596666667,0.039466666667),
double3(0.632513333333,0.207786666667,0.043896666667),
double3(0.631353333333,0.183196666667,0.033616666667),
double3(0.654573333333,0.185136666667,0.018976666667),
double3(0.677993333333,0.212216666667,0.013146666667),
double3(0.655213333333,0.158926666667,0.012206666667),
double3(0.679183333333,0.160226666667,0.006096666667),
double3(0.709253333333,0.141276666667,0.991046666667),
double3(0.683763333333,0.136446666667,0.003036666667),
double3(0.664933333333,0.109316666667,0.013896666667),
double3(0.671653333333,0.087596666667,0.012686666667),
double3(0.697303333333,0.092506666667,0.000796666667),
double3(0.716043333333,0.119566666667,0.989786666667),
double3(0.718893333333,0.025816666667,0.000256666667),
double3(0.690263333333,0.091906666667,0.292696666667),
double3(0.665953333333,0.074476666667,0.308676666667),
double3(0.640923333333,0.075706666667,0.303556666667),
double3(0.639513333333,0.091796666667,0.282076666667),
double3(0.663413333333,0.108056666667,0.265606666667),
double3(0.688833333333,0.108066666667,0.271196666667),
double3(0.649513333333,0.142396666667,0.246326666667),
double3(0.661853333333,0.125096666667,0.242746666667),
double3(0.672463333333,0.123886666667,0.216956666667),
double3(0.670663333333,0.139496666667,0.195126666667),
double3(0.658353333333,0.156816666667,0.198816666667),
double3(0.647683333333,0.157906666667,0.224466666667),
double3(0.656003333333,0.173496666667,0.177286666667),
double3(0.669343333333,0.179906666667,0.154096666667),
double3(0.661323333333,0.237746666667,0.099866666667),
double3(0.660793333333,0.260426666667,0.083396666667),
double3(0.662583333333,0.283936666667,0.097276666667),
double3(0.664213333333,0.306596666667,0.082606666667),
double3(0.642003333333,0.224986666667,0.121386666667),
double3(0.644103333333,0.205626666667,0.138616666667),
double3(0.665613333333,0.198626666667,0.134646666667),
double3(0.682433333333,0.230336666667,0.095486666667),
double3(0.684433333333,0.210736666667,0.112556666667),
double3(0.698473333333,0.041306666667,0.309446666667),
double3(0.720273333333,0.034656666667,0.309196666667),
double3(0.736223333333,0.037936666667,0.332776666667),
double3(0.729623333333,0.047456666667,0.356736666667),
double3(0.707823333333,0.054086666667,0.357026666667),
double3(0.741433333333,0.125386666667,0.978886666667),
double3(0.838373333333,0.026776666667,0.937786666667),
double3(0.784253333333,0.509246666667,0.627206666667),
double3(0.834293333333,0.462176666667,0.558576666667),
double3(0.661633333333,0.282786666667,0.017616666667),
double3(0.697693333333,0.257396666667,0.019596666667),
double3(0.615113333333,0.205866666667,0.056356666667),
double3(0.696063333333,0.214346666667,0.001716666667),
double3(0.635853333333,0.138596666667,0.014466666667),
double3(0.724193333333,0.162206666667,0.983126666667),
double3(0.645463333333,0.104876666667,0.024116666667),
double3(0.656873333333,0.066936666667,0.021246666667),
double3(0.710663333333,0.093656666667,0.296966666667),
double3(0.622183333333,0.063776666667,0.316126666667),
double3(0.619593333333,0.091336666667,0.278226666667),
double3(0.707813333333,0.121096666667,0.259236666667),
double3(0.681743333333,0.110446666667,0.213606666667),
double3(0.678523333333,0.137496666667,0.175506666667),
double3(0.638203333333,0.171186666667,0.227576666667),
double3(0.684703333333,0.173306666667,0.149466666667),
double3(0.663403333333,0.284906666667,0.119306666667),
double3(0.625563333333,0.230426666667,0.125116666667),
double3(0.629143333333,0.196496666667,0.155326666667),
double3(0.697933333333,0.240396666667,0.079336666667),
double3(0.686133333333,0.037866666667,0.291056666667),
double3(0.724683333333,0.026956666667,0.290506666667),
double3(0.740863333333,0.049026666667,0.375486666667),
double3(0.702633333333,0.059896666667,0.376366666667),
double3(0.666663333333,0.333336666667,0.625766666667),
double3(0.666663333333,0.333336666667,0.571356666667),
double3(0.666663333333,0.333336666667,0.648396666667),
double3(0.666663333333,0.333336666667,0.548716666667),
double3(0.693603333333,0.357786666667,0.053756666667),
double3(0.716983333333,0.379006666667,0.039666666667),
double3(0.740273333333,0.400246666667,0.054386666667),
double3(0.763183333333,0.442106666667,0.023176666667),
double3(0.765403333333,0.422066666667,0.039466666667),
double3(0.792213333333,0.424726666667,0.043896666667),
double3(0.816803333333,0.448156666667,0.033616666667),
double3(0.814863333333,0.469436666667,0.018976666667),
double3(0.787783333333,0.465776666667,0.013146666667),
double3(0.841073333333,0.496286666667,0.012206666667),
double3(0.839773333333,0.518956666667,0.006096666667),
double3(0.858723333333,0.567976666667,0.991046666667),
double3(0.863553333333,0.547316666667,0.003036666667),
double3(0.890683333333,0.555616666667,0.013896666667),
double3(0.912403333333,0.584056666667,0.012686666667),
double3(0.907493333333,0.604796666667,0.000796666667),
double3(0.880433333333,0.596476666667,0.989786666667),
double3(0.974183333333,0.693076666667,0.000256666667),
double3(0.908093333333,0.598356666667,0.292696666667),
double3(0.925523333333,0.591476666667,0.308676666667),
double3(0.924293333333,0.565216666667,0.303556666667),
double3(0.908203333333,0.547716666667,0.282076666667),
double3(0.891943333333,0.555356666667,0.265606666667),
double3(0.891933333333,0.580766666667,0.271196666667),
double3(0.857603333333,0.507116666667,0.246326666667),
double3(0.874903333333,0.536756666667,0.242746666667),
double3(0.876113333333,0.548576666667,0.216956666667),
double3(0.860503333333,0.531166666667,0.195126666667),
double3(0.843183333333,0.501536666667,0.198816666667),
double3(0.842093333333,0.489776666667,0.224466666667),
double3(0.826503333333,0.482506666667,0.177286666667),
double3(0.820093333333,0.489436666667,0.154096666667),
double3(0.762253333333,0.423576666667,0.099866666667),
double3(0.739573333333,0.400366666667,0.083396666667),
double3(0.716063333333,0.378646666667,0.097276666667),
double3(0.693403333333,0.357616666667,0.082606666667),
double3(0.775013333333,0.417016666667,0.121386666667),
double3(0.794373333333,0.438476666667,0.138616666667),
double3(0.801373333333,0.466986666667,0.134646666667),
double3(0.769663333333,0.452096666667,0.095486666667),
double3(0.789263333333,0.473696666667,0.112556666667),
double3(0.958693333333,0.657166666667,0.309446666667),
double3(0.965343333333,0.685616666667,0.309196666667),
double3(0.962063333333,0.698286666667,0.332776666667),
double3(0.952543333333,0.682166666667,0.356736666667),
double3(0.945913333333,0.653736666667,0.357026666667),
double3(0.874613333333,0.616046666667,0.978886666667),
double3(0.973223333333,0.811596666667,0.937786666667),
double3(0.490753333333,0.275006666667,0.627206666667),
double3(0.537823333333,0.372116666667,0.558576666667),
double3(0.717213333333,0.378846666667,0.017616666667),
double3(0.742603333333,0.440296666667,0.019596666667),
double3(0.794133333333,0.409246666667,0.056356666667),
double3(0.785653333333,0.481716666667,0.001716666667),
double3(0.861403333333,0.497256666667,0.014466666667),
double3(0.837793333333,0.561986666667,0.983126666667),
double3(0.895123333333,0.540586666667,0.024116666667),
double3(0.933063333333,0.589936666667,0.021246666667),
double3(0.906343333333,0.617006666667,0.296966666667),
double3(0.936223333333,0.558406666667,0.316126666667),
double3(0.908663333333,0.528256666667,0.278226666667),
double3(0.878903333333,0.586716666667,0.259236666667),
double3(0.889553333333,0.571296666667,0.213606666667),
double3(0.862503333333,0.541026666667,0.175506666667),
double3(0.828813333333,0.467016666667,0.227576666667),
double3(0.826693333333,0.511396666667,0.149466666667),
double3(0.715093333333,0.378496666667,0.119306666667),
double3(0.769573333333,0.395136666667,0.125116666667),
double3(0.803503333333,0.432646666667,0.155326666667),
double3(0.759603333333,0.457536666667,0.079336666667),
double3(0.962133333333,0.648266666667,0.291056666667),
double3(0.973043333333,0.697726666667,0.290506666667),
double3(0.950973333333,0.691836666667,0.375486666667),
double3(0.940103333333,0.642736666667,0.376366666667),
double3(0.642213333333,0.335816666667,0.053756666667),
double3(0.620993333333,0.337976666667,0.039666666667),
double3(0.599753333333,0.340026666667,0.054386666667),
double3(0.557893333333,0.321076666667,0.023176666667),
double3(0.577933333333,0.343336666667,0.039466666667),
double3(0.575273333333,0.367486666667,0.043896666667),
double3(0.551843333333,0.368646666667,0.033616666667),
double3(0.530563333333,0.345426666667,0.018976666667),
double3(0.534223333333,0.322006666667,0.013146666667),
double3(0.503713333333,0.344786666667,0.012206666667),
double3(0.481043333333,0.320816666667,0.006096666667),
double3(0.432023333333,0.290746666667,0.991046666667),
double3(0.452683333333,0.316236666667,0.003036666667),
double3(0.444383333333,0.335066666667,0.013896666667),
double3(0.415943333333,0.328346666667,0.012686666667),
double3(0.395203333333,0.302696666667,0.000796666667),
double3(0.403523333333,0.283956666667,0.989786666667),
double3(0.306923333333,0.281106666667,0.000256666667),
double3(0.401643333333,0.309736666667,0.292696666667),
double3(0.408523333333,0.334046666667,0.308676666667),
double3(0.434783333333,0.359076666667,0.303556666667),
double3(0.452283333333,0.360486666667,0.282076666667),
double3(0.444643333333,0.336586666667,0.265606666667),
double3(0.419233333333,0.311166666667,0.271196666667),
double3(0.492883333333,0.350486666667,0.246326666667),
double3(0.463243333333,0.338146666667,0.242746666667),
double3(0.451423333333,0.327536666667,0.216956666667),
double3(0.468833333333,0.329336666667,0.195126666667),
double3(0.498463333333,0.341646666667,0.198816666667),
double3(0.510223333333,0.352316666667,0.224466666667),
double3(0.517493333333,0.343996666667,0.177286666667),
double3(0.510563333333,0.330656666667,0.154096666667),
double3(0.576423333333,0.338676666667,0.099866666667),
double3(0.599633333333,0.339206666667,0.083396666667),
double3(0.621353333333,0.337416666667,0.097276666667),
double3(0.642383333333,0.335786666667,0.082606666667),
double3(0.582983333333,0.357996666667,0.121386666667),
double3(0.561523333333,0.355896666667,0.138616666667),
double3(0.533013333333,0.334386666667,0.134646666667),
double3(0.547903333333,0.317566666667,0.095486666667),
double3(0.526303333333,0.315566666667,0.112556666667),
double3(0.342833333333,0.301526666667,0.309446666667),
double3(0.314383333333,0.279726666667,0.309196666667),
double3(0.301713333333,0.263776666667,0.332776666667),
double3(0.317833333333,0.270376666667,0.356736666667),
double3(0.346263333333,0.292176666667,0.357026666667),
double3(0.383953333333,0.258566666667,0.978886666667),
double3(0.188403333333,0.161626666667,0.937786666667),
double3(0.724993333333,0.215746666667,0.627206666667),
double3(0.627883333333,0.165706666667,0.558576666667),
double3(0.621153333333,0.338366666667,0.017616666667),
double3(0.559703333333,0.302306666667,0.019596666667),
double3(0.590753333333,0.384886666667,0.056356666667),
double3(0.518283333333,0.303936666667,0.001716666667),
double3(0.502743333333,0.364146666667,0.014466666667),
double3(0.438013333333,0.275806666667,0.983126666667),
double3(0.459413333333,0.354536666667,0.024116666667),
double3(0.410063333333,0.343126666667,0.021246666667),
double3(0.382993333333,0.289336666667,0.296966666667),
double3(0.441593333333,0.377816666667,0.316126666667),
double3(0.471743333333,0.380406666667,0.278226666667),
double3(0.413283333333,0.292186666667,0.259236666667),
double3(0.428703333333,0.318256666667,0.213606666667),
double3(0.458973333333,0.321476666667,0.175506666667),
double3(0.532983333333,0.361796666667,0.227576666667),
double3(0.488603333333,0.315296666667,0.149466666667),
double3(0.621503333333,0.336596666667,0.119306666667),
double3(0.604863333333,0.374436666667,0.125116666667),
double3(0.567353333333,0.370856666667,0.155326666667),
double3(0.542463333333,0.302066666667,0.079336666667),
double3(0.351733333333,0.313866666667,0.291056666667),
double3(0.302273333333,0.275316666667,0.290506666667),
double3(0.308163333333,0.259136666667,0.375486666667),
double3(0.357263333333,0.297366666667,0.376366666667),
double3(0.973063333333,0.997516666667,0.279576666667),
double3(0.949683333333,0.995356666667,0.293666666667),
double3(0.926393333333,0.993306666667,0.278946666667),
double3(0.903483333333,0.012256666667,0.310156666667),
double3(0.901263333333,0.989996666667,0.293866666667),
double3(0.874453333333,0.965846666667,0.289436666667),
double3(0.849863333333,0.964686666667,0.299716666667),
double3(0.851803333333,0.987906666667,0.314356666667),
double3(0.878883333333,0.011326666667,0.320186666667),
double3(0.825593333333,0.988546666667,0.321126666667),
double3(0.826893333333,0.012516666667,0.327236666667),
double3(0.807943333333,0.042586666667,0.342286666667),
double3(0.803113333333,0.017096666667,0.330296666667),
double3(0.775983333333,0.998266666667,0.319436666667),
double3(0.754263333333,0.004986666667,0.320646666667),
double3(0.759173333333,0.030636666667,0.332536666667),
double3(0.786233333333,0.049376666667,0.343546666667),
double3(0.692483333333,0.052226666667,0.333076666667),
double3(0.758573333333,0.023596666667,0.040636666667),
double3(0.741143333333,0.999286666667,0.024656666667),
double3(0.742373333333,0.974256666667,0.029776666667),
double3(0.758463333333,0.972846666667,0.051256666667),
double3(0.774723333333,0.996746666667,0.067726666667),
double3(0.774733333333,0.022166666667,0.062136666667),
double3(0.809063333333,0.982846666667,0.087006666667),
double3(0.791763333333,0.995186666667,0.090586666667),
double3(0.790553333333,0.005796666667,0.116376666667),
double3(0.806163333333,0.003996666667,0.138206666667),
double3(0.823483333333,0.991686666667,0.134516666667),
double3(0.824573333333,0.981016666667,0.108866666667),
double3(0.840163333333,0.989336666667,0.156046666667),
double3(0.846573333333,0.002676666667,0.179236666667),
double3(0.904413333333,0.994656666667,0.233466666667),
double3(0.927093333333,0.994126666667,0.249936666667),
double3(0.950603333333,0.995916666667,0.236056666667),
double3(0.973263333333,0.997546666667,0.250726666667),
double3(0.891653333333,0.975336666667,0.211946666667),
double3(0.872293333333,0.977436666667,0.194716666667),
double3(0.865293333333,0.998946666667,0.198686666667),
double3(0.897003333333,0.015766666667,0.237846666667),
double3(0.877403333333,0.017766666667,0.220776666667),
double3(0.707973333333,0.031806666667,0.023886666667),
double3(0.701323333333,0.053606666667,0.024136666667),
double3(0.704603333333,0.069556666667,0.000556666667),
double3(0.714123333333,0.062956666667,0.976596666667),
double3(0.720753333333,0.041156666667,0.976306666667),
double3(0.792053333333,0.074766666667,0.354446666667),
double3(0.693443333333,0.171706666667,0.395546666667),
double3(0.175913333333,0.117586666667,0.706126666667),
double3(0.128843333333,0.167626666667,0.774756666667),
double3(0.949453333333,0.994966666667,0.315716666667),
double3(0.924063333333,0.031026666667,0.313736666667),
double3(0.872533333333,0.948446666667,0.276976666667),
double3(0.881013333333,0.029396666667,0.331616666667),
double3(0.805263333333,0.969186666667,0.318866666667),
double3(0.828873333333,0.057526666667,0.350206666667),
double3(0.771543333333,0.978796666667,0.309216666667),
double3(0.733603333333,0.990206666667,0.312086666667),
double3(0.760323333333,0.043996666667,0.036366666667),
double3(0.730443333333,0.955516666667,0.017206666667),
double3(0.758003333333,0.952926666667,0.055106666667),
double3(0.787763333333,0.041146666667,0.074096666667),
double3(0.777113333333,0.015076666667,0.119726666667),
double3(0.804163333333,0.011856666667,0.157826666667),
double3(0.837853333333,0.971536666667,0.105756666667),
double3(0.839973333333,0.018036666667,0.183866666667),
double3(0.951573333333,0.996736666667,0.214026666667),
double3(0.897093333333,0.958896666667,0.208216666667),
double3(0.863163333333,0.962476666667,0.178006666667),
double3(0.907063333333,0.031266666667,0.253996666667),
double3(0.704533333333,0.019466666667,0.042276666667),
double3(0.693623333333,0.058016666667,0.042826666667),
double3(0.715693333333,0.074196666667,0.957846666667),
double3(0.726563333333,0.035966666667,0.956966666667),
double3(0.000003333333,0.999996666667,0.707566666667),
double3(0.000003333333,0.999996666667,0.761976666667),
double3(0.000003333333,0.999996666667,0.684936666667),
double3(0.000003333333,0.999996666667,0.784616666667),
double3(0.002483333333,0.975546666667,0.279576666667),
double3(0.004643333333,0.954326666667,0.293666666667),
double3(0.006693333333,0.933086666667,0.278946666667),
double3(0.987743333333,0.891226666667,0.310156666667),
double3(0.010003333333,0.911266666667,0.293866666667),
double3(0.034153333333,0.908606666667,0.289436666667),
double3(0.035313333333,0.885176666667,0.299716666667),
double3(0.012093333333,0.863896666667,0.314356666667),
double3(0.988673333333,0.867556666667,0.320186666667),
double3(0.011453333333,0.837046666667,0.321126666667),
double3(0.987483333333,0.814376666667,0.327236666667),
double3(0.957413333333,0.765356666667,0.342286666667),
double3(0.982903333333,0.786016666667,0.330296666667),
double3(0.001733333333,0.777716666667,0.319436666667),
double3(0.995013333333,0.749276666667,0.320646666667),
double3(0.969363333333,0.728536666667,0.332536666667),
double3(0.950623333333,0.736856666667,0.343546666667),
double3(0.947773333333,0.640256666667,0.333076666667),
double3(0.976403333333,0.734976666667,0.040636666667),
double3(0.000713333333,0.741856666667,0.024656666667),
double3(0.025743333333,0.768116666667,0.029776666667),
double3(0.027153333333,0.785616666667,0.051256666667),
double3(0.003253333333,0.777976666667,0.067726666667),
double3(0.977833333333,0.752566666667,0.062136666667),
double3(0.017153333333,0.826216666667,0.087006666667),
double3(0.004813333333,0.796576666667,0.090586666667),
double3(0.994203333333,0.784756666667,0.116376666667),
double3(0.996003333333,0.802166666667,0.138206666667),
double3(0.008313333333,0.831796666667,0.134516666667),
double3(0.018983333333,0.843556666667,0.108866666667),
double3(0.010663333333,0.850826666667,0.156046666667),
double3(0.997323333333,0.843896666667,0.179236666667),
double3(0.005343333333,0.909756666667,0.233466666667),
double3(0.005873333333,0.932966666667,0.249936666667),
double3(0.004083333333,0.954686666667,0.236056666667),
double3(0.002453333333,0.975716666667,0.250726666667),
double3(0.024663333333,0.916316666667,0.211946666667),
double3(0.022563333333,0.894856666667,0.194716666667),
double3(0.001053333333,0.866346666667,0.198686666667),
double3(0.984233333333,0.881236666667,0.237846666667),
double3(0.982233333333,0.859636666667,0.220776666667),
double3(0.968193333333,0.676166666667,0.023886666667),
double3(0.946393333333,0.647716666667,0.024136666667),
double3(0.930443333333,0.635046666667,0.000556666667),
double3(0.937043333333,0.651166666667,0.976596666667),
double3(0.958843333333,0.679596666667,0.976306666667),
double3(0.925233333333,0.717286666667,0.354446666667),
double3(0.828293333333,0.521736666667,0.395546666667),
double3(0.882413333333,0.058326666667,0.706126666667),
double3(0.832373333333,0.961216666667,0.774756666667),
double3(0.005033333333,0.954486666667,0.315716666667),
double3(0.968973333333,0.893036666667,0.313736666667),
double3(0.051553333333,0.924086666667,0.276976666667),
double3(0.970603333333,0.851616666667,0.331616666667),
double3(0.030813333333,0.836076666667,0.318866666667),
double3(0.942473333333,0.771346666667,0.350206666667),
double3(0.021203333333,0.792746666667,0.309216666667),
double3(0.009793333333,0.743396666667,0.312086666667),
double3(0.956003333333,0.716326666667,0.036366666667),
double3(0.044483333333,0.774926666667,0.017206666667),
double3(0.047073333333,0.805076666667,0.055106666667),
double3(0.958853333333,0.746616666667,0.074096666667),
double3(0.984923333333,0.762036666667,0.119726666667),
double3(0.988143333333,0.792306666667,0.157826666667),
double3(0.028463333333,0.866316666667,0.105756666667),
double3(0.981963333333,0.821936666667,0.183866666667),
double3(0.003263333333,0.954836666667,0.214026666667),
double3(0.041103333333,0.938196666667,0.208216666667),
double3(0.037523333333,0.900686666667,0.178006666667),
double3(0.968733333333,0.875796666667,0.253996666667),
double3(0.980533333333,0.685066666667,0.042276666667),
double3(0.941983333333,0.635606666667,0.042826666667),
double3(0.925803333333,0.641496666667,0.957846666667),
double3(0.964033333333,0.690596666667,0.956966666667),
double3(0.024453333333,0.026936666667,0.279576666667),
double3(0.045673333333,0.050316666667,0.293666666667),
double3(0.066913333333,0.073606666667,0.278946666667),
double3(0.108773333333,0.096516666667,0.310156666667),
double3(0.088733333333,0.098736666667,0.293866666667),
double3(0.091393333333,0.125546666667,0.289436666667),
double3(0.114823333333,0.150136666667,0.299716666667),
double3(0.136103333333,0.148196666667,0.314356666667),
double3(0.132443333333,0.121116666667,0.320186666667),
double3(0.162953333333,0.174406666667,0.321126666667),
double3(0.185623333333,0.173106666667,0.327236666667),
double3(0.234643333333,0.192056666667,0.342286666667),
double3(0.213983333333,0.196886666667,0.330296666667),
double3(0.222283333333,0.224016666667,0.319436666667),
double3(0.250723333333,0.245736666667,0.320646666667),
double3(0.271463333333,0.240826666667,0.332536666667),
double3(0.263143333333,0.213766666667,0.343546666667),
double3(0.359743333333,0.307516666667,0.333076666667),
double3(0.265023333333,0.241426666667,0.040636666667),
double3(0.258143333333,0.258856666667,0.024656666667),
double3(0.231883333333,0.257626666667,0.029776666667),
double3(0.214383333333,0.241536666667,0.051256666667),
double3(0.222023333333,0.225276666667,0.067726666667),
double3(0.247433333333,0.225266666667,0.062136666667),
double3(0.173783333333,0.190936666667,0.087006666667),
double3(0.203423333333,0.208236666667,0.090586666667),
double3(0.215243333333,0.209446666667,0.116376666667),
double3(0.197833333333,0.193836666667,0.138206666667),
double3(0.168203333333,0.176516666667,0.134516666667),
double3(0.156443333333,0.175426666667,0.108866666667),
double3(0.149173333333,0.159836666667,0.156046666667),
double3(0.156103333333,0.153426666667,0.179236666667),
double3(0.090243333333,0.095586666667,0.233466666667),
double3(0.067033333333,0.072906666667,0.249936666667),
double3(0.045313333333,0.049396666667,0.236056666667),
double3(0.024283333333,0.026736666667,0.250726666667),
double3(0.083683333333,0.108346666667,0.211946666667),
double3(0.105143333333,0.127706666667,0.194716666667),
double3(0.133653333333,0.134706666667,0.198686666667),
double3(0.118763333333,0.102996666667,0.237846666667),
double3(0.140363333333,0.122596666667,0.220776666667),
double3(0.323833333333,0.292026666667,0.023886666667),
double3(0.352283333333,0.298676666667,0.024136666667),
double3(0.364953333333,0.295396666667,0.000556666667),
double3(0.348833333333,0.285876666667,0.976596666667),
double3(0.320403333333,0.279246666667,0.976306666667),
double3(0.282713333333,0.207946666667,0.354446666667),
double3(0.478263333333,0.306556666667,0.395546666667),
double3(0.941673333333,0.824086666667,0.706126666667),
double3(0.038783333333,0.871156666667,0.774756666667),
double3(0.045513333333,0.050546666667,0.315716666667),
double3(0.106963333333,0.075936666667,0.313736666667),
double3(0.075913333333,0.127466666667,0.276976666667),
double3(0.148383333333,0.118986666667,0.331616666667),
double3(0.163923333333,0.194736666667,0.318866666667),
double3(0.228653333333,0.171126666667,0.350206666667),
double3(0.207253333333,0.228456666667,0.309216666667),
double3(0.256603333333,0.266396666667,0.312086666667),
double3(0.283673333333,0.239676666667,0.036366666667),
double3(0.225073333333,0.269556666667,0.017206666667),
double3(0.194923333333,0.241996666667,0.055106666667),
double3(0.253383333333,0.212236666667,0.074096666667),
double3(0.237963333333,0.222886666667,0.119726666667),
double3(0.207693333333,0.195836666667,0.157826666667),
double3(0.133683333333,0.162146666667,0.105756666667),
double3(0.178063333333,0.160026666667,0.183866666667),
double3(0.045163333333,0.048426666667,0.214026666667),
double3(0.061803333333,0.102906666667,0.208216666667),
double3(0.099313333333,0.136836666667,0.178006666667),
double3(0.124203333333,0.092936666667,0.253996666667),
double3(0.314933333333,0.295466666667,0.042276666667),
double3(0.364393333333,0.306376666667,0.042826666667),
double3(0.358503333333,0.284306666667,0.957846666667),
double3(0.309403333333,0.273436666667,0.956966666667),
